99
11
82
20
1
31
55
34
98
84
17
32
18
57
72
25
41
9
3
73
63
87
84
1
81
95
34
11
42
44
5
3
100
96
59
62
83
75
88
78
60
83
42
50
21
36
9
35
40
26
36
48
45
82
78
22
13
35
20
22
15
9
94
72
56
16
35
50
60
41
39
15
83
98
77
9
54
40
74
69
86
47
45
64
29
8
62
55
72
92
38
90
66
56
11
92
97
82
89
32
13
42
46
7
83
84
39
20
5
68
50
37
26
84
52
34
31
80
89
5
45
2
26
89
52
71
33
94
24
30
3
82
68
32
66
33
66
14
41
3
1
15
90
76
67
39
41
55
98
41
37
9
14
70
64
87
26
93
59
85
19
23
82
39
5
85
2
77
60
65
29
6
58
12
68
45
17
57
8
98
73
1
23
4
56
54
62
54
97
34
49
78
50
12
3
81
100
96
39
13
14
87
40
82
88
9
61
60
88
61
2
4
19
25
92
43
4
4
88
74
88
87
8
6
88
61
87
95
32
44
69
22
15
38
39
38
4
88
75
100
93
95
44
95
87
60
6
59
2
80
43
9
47
71
26
31
100
32
59
95
61
38
70
88
46
91
69
33
87
73
46
5
3
18
11
45
3
44
12
7
11
12
47
77
65
25
15
30
31
33
67
18
92
26
35
83
39
14
22
20
30
42
4
84
16
14
31
30
11
19
10
10
34
27
56
71
51
50
8
1
89
8
82
82
30
74
20
41
12
34
60
7
94
47
20
47
97
30
86
24
45
97
39
57
48
78
22
10
14
3
17
79
92
45
4
24
88
76
11
71
56
25
10
75
51
75
21
5
58
64
45
25
71
39
60
5
36
93
39
38
91
10
50
41
11
100
98
49
87
22
8
62
92
80
56
23
12
75
35
11
98
6
2
71
19
34
89
68
29
42
83
68
46
26
17
37
62
76
61
22
60
50
62
10
61
44
42
8
74
54
27
42
18
99
27
58
22
98
33
78
53
25
87
80
36
57
12
5
55
59
4
99
63
16
36
37
71
27
43
96
51
5
59
56
19
19
58
100
32
74
13
66
15
90
94
30
84
56
100
47
37
23
13
47
57
16
66
40
15
86
98
44
32
43
93
94
67
77
23
29
74
25
25
10
34
34
88
16
57
92
59
82
74
88
69
25
25
13
13
77
50
79
75
25
28
89
7
88
6
68
69
69
89
83
9
77
32
7
72
60
45
57
14
43
56
55
98
39
68
32
46
9
29
88
11
32
36
76
52
98
40
56
43
33
89
45
47
87
81
72
100
57
50
32
70
36
87
69
39
1
11
33
29
42
57
47
95
4
100
14
55
17
36
53
82
71
26
6
63
98
93
92
40
26
45
72
53
47
23
79
25
74
60
67
27
7
23
95
11
31
61
48
64
58
27
76
31
21
49
27
85
38
17
88
50
76
72
79
100
25
77
52
84
84
78
52
92
97
68
84
76
52
5
43
40
72
77
53
27
3
3
42
58
41
6
85
97
94
80
53
43
34
54
93
7
62
14
38
88
18
76
4
86
36
90
8
98
62
55
41
68
32
66
21
86
63
45
76
78
7
67
73
20
67
50
20
70
23
96
78
94
47
47
83
61
59
42
85
71
98
97
2
49
57
10
31
65
84
6
42
44
59
61
45
22
14
8
50
74
74
20
24
18
8
51
70
28
14
8
23
39
92
38
7
58
17
68
43
14
32
28
40
95
95
90
22
24
58
48
33
37
64
15
38
81
52
69
34
27
46
95
30
43
97
82
52
23
27
12
50
18
64
5
63
28
4
13
30
53
58
3
63
11
79
3
80
71
34
34
91
10
33
53
70
73
31
73
7
75
34
84
53
93
62
36
12
72
92
17
36
4
14
60
18
9
11
96
46
97
33
54
56
84
9
37
1
58
43
33
44
91
15
93
52
99
97
7
90
16
68
1
76
3
27
15
29
64
79
30
17
16
57
19
25
51
99
55
57
49
40
20
46
22
84
28
48
33
43
12
34
47
56
25
64
86
8
96
24
50
97
69
65
46
65
9
3
53
51
27
26
52
7
71
27
64
56
85
32
77
17
60
70
66
86
47
84
9
9
1
81
40
27
98
70
93
84
69
36
93
36
51
58
35
54
60
100
78
28
63
41
52
98
33
81
25
86
65
15
50
22
1
79
52
2
56
74
49
15
77
74
42
81
42
61
26
49
12
63
73
41
89
96
72
98
36
49
18
20
79
13
42
6
3
90
72
6
76
52
42
49
73
76
33
98
94
74
7
24
6
25
75
14
63
57
29
62
26
40
79
80
44
19
38
24
87
83
60
99
92
57
21
31
98
88
59
94
59
8
27
98
42
20
7
16
49
68
51
1
31
90
1
58
61
80
89
77
47
70
40
34
75
25
55
53
67
31
54
69
56
9
57
66
27
13
62
92
12
98
16
5
30
14
8
78
17
2
47
22
1
65
34
48
39
96
20
9
95
72
26
40
28
23
3
55
21
77
18
51
35
36
25
36
45
48
14
11
39
62
78
76
27
95
92
11
48
63
8
63
79
87
10
33
63
25
20
65
52
76
86
29
39
49
53
1
19
1
36
62
83
75
36
18
90
37
60
13
98
8
40
13
26
4
41
76
37
30
54
18
1
2
95
13
98
82
51
51
64
78
28
17
75
27
85
82
28
51
94
83
48
97
71
51
21
25
71
86
28
67
58
60
52
89
82
74
28
3
55
16
53
50
91
91
86
68
95
64
49
8
78
43
6
32
22
56
84
62
75
93
14
94
70
52
28
98
89
19
86
15
92
47
69
39
58
31
39
53
80
45
52
63
19
8
1
53
97
50
45
67
69
87
6
53
19
45
86
57
38
70
1
69
64
4
89
71
84
54
43
85
89
77
88
20
64
75
57
18
99
11
73
14
90
94
70
63
72
16
78
85
67
4
27
18
14
8
37
80
50
15
18
59
21
89
98
54
32
81
13
27
74
53
74
83
51
47
21
89
20
93
2
93
1
32
48
52
86
76
3
98
48
84
14
32
85
39
67
57
62
76
6
26
70
56
67
72
65
63
43
8
39
10
89
34
58
14
16
90
14
15
72
37
79
53
67
47
59
50
80
76
30
94
86
46
29
59
73
73
32
84
43
81
100
1
94
100
48
41
98
63
57
41
39
96
16
5
28
57
60
46
85
53
7
10
59
68
3
78
84
67
15
48
81
14
89
66
29
3
73
69
50
2
81
37
74
70
79
19
6
3
27
94
31
27
26
75
28
59
95
51
100
36
22
74
4
3
91
43
88
37
18
74
34
63
22
13
45
95
78
43
56
69
2
91
35
43
29
22
31
78
45
46
93
46
2
100
22
49
46
87
37
55
22
81
39
41
83
11
56
68
32
63
47
40
41
50
59
12
41
95
18
74
34
85
45
29
11
3
41
76
37
100
98
33
27
19
89
90
10
25
12
28
62
97
54
81
38
91
1
10
59
88
68
85
82
55
96
69
91
41
40
45
84
44
19
35
6
5
99
4
77
51
42
26
41
27
84
31
2
80
45
86
30
17
3
79
45
77
65
1
33
83
14
62
70
48
43
50
100
5
2
1
67
36
61
40
16
91
81
29
1
70
60
59
20
47
44
87
43
8
97
90
65
44
70
89
90
94
31
1
56
56
27
58
81
95
84
91
4
24
89
41
25
81
77
15
28
61
3
49
11
96
5
26
57
3
13
20
72
59
63
14
45
15
65
58
5
66
49
20
50
27
54
69
29
67
28
84
96
92
99
19
4
84
20
91
31
64
15
65
31
10
27
68
71
85
89
48
69
99
72
46
62
60
51
18
83
88
51
27
84
1
54
61
40
58
21
59
33
43
47
24
58
42
74
54
51
9
6
37
100
37
85
73
95
7
29
81
7
41
73
71
75
84
52
2
97
44
86
6
85
79
79
32
65
14
34
28
30
12
95
23
92
41
81
36
21
40
33
69
30
11
78
83
42
79
62
92
76
19
47
8
20
97
81
78
21
67
23
62
87
5
63
24
14
22
54
47
88
98
43
43
70
16
25
85
82
71
33
58
21
58
8
9
15
100
94
78
61
53
46
93
58
62
7
8
82
51
96
58
76
100
82
19
79
53
37
28
41
18
34
84
48
15
44
14
34
99
4
21
30
77
60
87
46
10
70
40
22
49
77
48
13
87
46
97
81
34
3
28
91
83
44
43
89
19
61
25
18
93
14
88
66
64
86
31
39
7
1
79
93
7
43
66
58
77
94
61
17
98
74
36
67
18
32
10
96
32
18
79
86
54
29
54
100
81
57
15
3
98
45
79
60
89
32
38
32
80
96
61
39
30
97
47
54
90
2
49
58
92
67
39
43
35
92
53
80
78
14
20
61
49
67
39
81
70
49
81
53
83
30
73
88
1
36
88
87
41
23
22
54
54
54
96
57
52
92
60
18
100
96
53
73
64
38
42
51
24
37
17
94
27
66
30
89
11
28
17
36
12
4
62
46
34
72
39
91
63
89
94
23
1