20
96
18
71
35
73
44
39
76
81
28
24
62
84
85
4
97
30
74
54
3
22
35
11
67
13
10
48
39
58
82
29
50
57
74
40
94
12
97
7
45
76
82
91
74
18
28
36
68
67
10
74
19
87
13
40
13
36
25
83
67
34
58
34
76
53
79
15
57
64
20
37
86
76
17
3
27
75
4
2
54
78
98
10
61
69
39
49
85
70
100
68
97
23
66
62
68
74
21
32
35
17
1
60
76
75
84
63
31
86
73
56
43
56
39
43
53
93
9
42
59
62
86
17
34
21
63
93
31
32
47
17
23
96
64
67
37
23
75
60
11
90
13
18
4
6
39
92
57
68
86
84
2
39
42
52
26
68
85
69
74
54
49
33
94
88
98
99
53
89
24
73
74
96
50
12
65
66
9
96
28
51
30
6
36
25
75
55
79
67
72
33
13
13
43
100
100
93
20
36
85
32
64
43
15
40
44
4
79
47
38
67
5
66
26
20
32
8
44
97
92
78
4
4
19
13
17
61
89
97
14
72
76
31
91
44
51
63
58
97
90
83
86
33
63
49
26
62
71
94
61
90
44
57
83
47
11
42
19
87
30
86
43
14
42
62
36
64
61
30
81
53
28
69
74
60
56
79
22
92
59
41
8
33
98
61
41
36
33
79
72
65
48
28
64
27
87
43
20
7
31
5
50
22
49
58
10
48
18
48
38
69
79
65
95
93
14
86
48
7
46
66
18
26
89
72
80
13
34
98
22
88
89
15
98
87
16
57
98
16
81
46
11
74
77
7
31
9
39
69
27
11
11
79
2
35
64
68
31
80
37
19
96
97
93
32
100
86
57
61
48
51
66
1
83
70
26
63
98
56
39
89
31
70
70
81
66
8
32
45
73
57
12
44
20
7
84
79
5
65
35
37
26
33
74
42
16
10
88
50
7
78
53
33
17
95
83
51
81
68
32
5
27
18
52
88
33
79
5
16
53
94
88
39
81
37
78
47
79
94
29
3
83
84
15
56
55
31
54
71
5
19
92
84
21
94
37
7
86
65
97
36
91
86
64
19
66
81
97
43
90
55
15
22
2
88
28
77
66
3
27
82
47
42
55
96
51
48
32
12
33
84
29
17
36
75
92
93
60
53